6080651189096179
8730206395789661
2176215981291453
4767820338885515
4645143236851727
3170456217759382
6308020405306553
9922792912017424
0873865581940415
7908949948976515
3096834848521445
8149955436222196
0951090463905443
1078989729628550
8250739581958385
7447517746012373
3543701977842617
4246191484462366
4015926655072714
8561250228510696
7900356071046936
5770976001832230
6942430435924937
2569114755496581
7397150052059395
2179327647405825
8938691250105531
3371681684015977
9737388520834184
6999199593229732
4668070841633275
2716399192923821
2422490836174594
9038719096395773
2862541276328123
6634942642715078
2167844919087855
0750160286058633
5008092942844153
5315749589886622
2869680994075940
2973066287656003
2587493210100062
0484301470869929
6570414652748276
4173759561785422
4812003714786258
6622866489872495
5044729970415674
5895725625196178
4521120823922283
5836699779911871
7617235844474462
0305314055748919
1243406113215995
3386605898809476
8029563327627035
4378078337343660
4586191595479425
1397392075394017
